image_width: 2048
image_height: 1536
camera_name: narrow_stereo/right
camera_matrix:
  rows: 3
  cols: 3
  data: [1739.981879, 0.000000, 1011.253594, 0.000000, 1758.549730, 739.391049, 0.000000, 0.000000, 1.000000]
distortion_model: plumb_bob
distortion_coefficients:
  rows: 1
  cols: 5
  data: [-0.193808, 0.093958, 0.000415, 0.002687, 0.000000]
rectification_matrix:
  rows: 3
  cols: 3
  data: [0.999941, -0.004217, 0.009971, 0.004390, 0.999838, -0.017473, -0.009896, 0.017516, 0.999798]
projection_matrix:
  rows: 3
  cols: 4
  data: [1757.726905, 0.000000, 993.838409, -662.523874, 0.000000, 1757.726905, 757.226128, 0.000000, 0.000000, 0.000000, 1.000000, 0.000000]
